644
9
9
1055
1086
1089
1083
1077
1076
1085
1072
1090
1072
32
1073
1080
1090
1082
1072
32
1079
1072
1087
1086
1095
1085
1072
32
33
32
13
10
1058
1080
32
1089
1080
32
1082
1088
1072
1083
1103
1090
32
1085
1072
32
1076
1086
1073
1088
1080
1090
1077
44
32
1082
1086
1081
1090
1086
32
1090
1088
1103
1073
1072
32
1076
1072
32
1086
1090
1073
1083
1098
1089
1085
1077
32
1072
1088
1084
1080
1103
1090
1072
32
1085
1072
32
13
10
1079
1083
1080
1090
1077
32
1095
1091
1076
1086
1074
1080
1097
1072
46
32
1058
1074
1086
1103
1090
1072
32
1072
1088
1084
1080
1103
32
1077
32
1087
1086
1089
1083
1077
1076
1085
1072
1090
1072
32
1087
1088
1077
1075
1088
1072
1076
1072
32
1089
1088
1077
1097
1091
32
13
10
1072
1088
1084
1080
1103
1090
1072
32
1085
1072
32
1079
1083
1086
1090
1086
44
32
1082
1086
1103
1090
1086
32
1089
1077
32
1086
1087
1080
1090
1074
1072
32
1076
1072
32
1079
1072
1074
1083
1072
1076
1077
1077
32
1094
1077
1083
1080
1103
32
1089
1074
1103
1090
46
32
13
10
1048
1075
1088
1072
1090
1072
32
1077
32
1087
1086
1093
1086
1076
1086
1074
1072
46
32
1048
1079
1073
1080
1088
1072
1096
32
1073
1086
1081
1085
1072
32
1077
1076
1080
1085
1080
1094
1072
32
1080
32
1087
1086
1082
1072
1079
1074
1072
1096
32
1082
1072
1082
1074
1086
32
1076
1072
32
13
10
1085
1072
1087
1088
1072
1074
1080
46
32
1040
1082
1086
32
1080
1079
1073
1077
1088
1077
1096
32
1089
1090
1088
1077
1083
1077
1094
44
32
1084
1091
32
1087
1086
1082
1072
1079
1074
1072
1096
32
1087
1086
32
1082
1086
1103
32
1077
1076
1080
1085
1080
1094
1072
32
1076
1072
13
10
1089
1090
1088
1077
1083
1103
46
32
1040
1082
1086
32
1080
1079
1073
1077
1088
1077
1096
32
1076
1088
1091
1075
32
1074
1080
1076
32
1074
1086
1080
1085
32
45
32
1087
1086
1082
1072
1079
1074
1072
1096
32
1084
1091
32
1085
1072
1082
1098
1076
1077
32
1076
1072
32
1089
1077
32
13
10
1076
1074
1080
1078
1080
46
32
1050
1086
1075
1072
1090
1086
32
1074
1086
1080
1085
1080
32
1086
1090
32
1076
1074
1077
32
1072
1088
1084
1080
1080
32
1089
1077
32
1076
1086
1073
1083
1080
1078
1072
1090
32
1076
1086
1089
1090
1072
1090
1098
1095
1085
1086
32
45
32
1074
1083
1080
1079
1072
1090
13
10
1074
32
1089
1093
1074
1072
1090
1082
1072
32
1072
1074
1090
1086
1084
1072
1090
1080
1095
1085
1086
46
32
1040
1082
1086
32
1080
1079
1073
1077
1088
1077
1096
32
1074
1086
1080
1085
32
1080
32
1087
1086
1089
1086
1095
1080
1096
32
1074
1098
1088
1093
1091
32
1085
1077
1075
1086
32
45
32
13
10
1084
1091
32
1082
1072
1079
1074
1072
1096
32
1076
1072
32
1089
1077
32
1083
1077
1082
1091
1074
1072
46
32
1047
1072
32
1083
1077
1095
1077
1085
1080
1077
32
1077
32
1085
1077
1086
1073
1093
1086
1076
1080
1084
32
1087
1086
1074
1077
1095
1077
32
1086
1090
32
1077
1076
1080
1085
32
1093
1086
1076
46
13
10
1057
32
1076
1077
1089
1077
1085
32
1073
1091
1090
1086
1085
32
1086
1090
1082
1072
1079
1074
1072
1096
32
1087
1088
1077
1076
1080
1096
1085
1086
32
1080
1079
1073
1088
1072
1085
32
1074
1086
1080
1085
46
32
32
0
